I0I1I2I3 A1A0 Y
0 0 0 0  0 0  0
0 0 0 0  0 1  0
0 0 0 0  1 0  0
0 0 0 0  1 1  0
0 0 0 1  0 0  0
0 0 0 1  0 1  0
0 0 0 1  1 0  0
0 0 0 1  1 1  1
0 0 1 0  0 0  0
0 0 1 0  0 1  0
0 0 1 0  1 0  1
0 0 1 0  1 1  0
0 0 1 1  0 0  0
0 0 1 1  0 1  0
0 0 1 1  1 0  1
0 0 1 1  1 1  1
0 1 0 0  0 0  0
0 1 0 0  0 1  1
0 1 0 0  1 0  0
0 1 0 0  1 1  0
0 1 0 1  0 0  0
0 1 0 1  0 1  1
0 1 0 1  1 0  0
0 1 0 1  1 1  1
0 1 1 0  0 0  0
0 1 1 0  0 1  1
0 1 1 0  1 0  1
0 1 1 0  1 1  0
0 1 1 1  0 0  0
0 1 1 1  0 1  1
0 1 1 1  1 0  1
0 1 1 1  1 1  1
1 0 0 0  0 0  1
1 0 0 0  0 1  0
1 0 0 0  1 0  0
1 0 0 0  1 1  0
1 0 0 1  0 0  1
1 0 0 1  0 1  0
1 0 0 1  1 0  0
1 0 0 1  1 1  1
1 0 1 0  0 0  1
1 0 1 0  0 1  0
1 0 1 0  1 0  1
1 0 1 0  1 1  0
1 0 1 1  0 0  1
1 0 1 1  0 1  0
1 0 1 1  1 0  1
1 0 1 1  1 1  1
1 1 0 0  0 0  1
1 1 0 0  0 1  1
1 1 0 0  1 0  0
1 1 0 0  1 1  0
1 1 0 1  0 0  1
1 1 0 1  0 1  1
1 1 0 1  1 0  0
1 1 0 1  1 1  1
1 1 1 0  0 0  1
1 1 1 0  0 1  1
1 1 1 0  1 0  1
1 1 1 0  1 1  0
1 1 1 1  0 0  1
1 1 1 1  0 1  1
1 1 1 1  1 0  1
1 1 1 1  1 1  1